ParticipantID,VideoName,BoundaryTime(s)
6,lms.mp4,9.442
6,lms.mp4,76.645
6,lms.mp4,167.651
6,lms.mp4,218.074
6,lms.mp4,300.991
6,lms.mp4,328.383
6,lms.mp4,432.261
6,lms.mp4,446.856
6,lms.mp4,450.009
6,lms.mp4,497.055
6,lms.mp4,576.543
6,lms.mp4,638.848
