idno,videoname,qnumber,response,correctness
008,shawshank.mp4,9,2,correct
008,shawshank.mp4,10,3,correct
008,shawshank.mp4,11,1,incorrect
008,shawshank.mp4,12,1,correct
